0.000000000000000000e+00 5.099666714668273926e-01 3.337588310241699219e-01
5.000000000000000278e-02 5.663083195686340332e-01 3.628470897674560547e-01
1.000000000000000056e-01 5.554150938987731934e-01 3.796812295913696289e-01
1.499999999999999944e-01 5.636178255081176758e-01 3.943021297454833984e-01
2.000000000000000111e-01 5.582327246665954590e-01 3.767186701297760010e-01
2.500000000000000000e-01 5.147739052772521973e-01 3.433599770069122314e-01
2.999999999999999889e-01 5.643696188926696777e-01 3.730215430259704590e-01
3.499999999999999778e-01 5.277369022369384766e-01 3.558061122894287109e-01
4.000000000000000222e-01 5.244473814964294434e-01 3.553209602832794189e-01
4.500000000000000111e-01 5.520478487014770508e-01 3.717606365680694580e-01
5.000000000000000000e-01 5.259409546852111816e-01 3.596025109291076660e-01
5.500000000000000444e-01 5.304215550422668457e-01 3.469494879245758057e-01
5.999999999999999778e-01 5.390890836715698242e-01 3.551985919475555420e-01
6.500000000000000222e-01 5.526827573776245117e-01 3.734421133995056152e-01
6.999999999999999556e-01 5.307362675666809082e-01 3.495983183383941650e-01
7.500000000000000000e-01 5.577113628387451172e-01 3.882344663143157959e-01
8.000000000000000444e-01 5.864514112472534180e-01 5.402695536613464355e-01
8.499999999999999778e-01 5.768022537231445312e-01 4.982256591320037842e-01
9.000000000000000222e-01 6.059489846229553223e-01 5.249589681625366211e-01
9.499999999999999556e-01 6.404335498809814453e-01 5.544130802154541016e-01
1.000000000000000000e+00 6.049735546112060547e-01 5.521783828735351562e-01
1.050000000000000044e+00 6.242324709892272949e-01 5.055108070373535156e-01
1.100000000000000089e+00 6.411754488945007324e-01 5.550684332847595215e-01
1.149999999999999911e+00 6.840097308158874512e-01 5.360774397850036621e-01
1.199999999999999956e+00 6.644427776336669922e-01 5.373280048370361328e-01
1.250000000000000000e+00 6.452209949493408203e-01 5.430091619491577148e-01
1.300000000000000044e+00 6.000053882598876953e-01 5.043781399726867676e-01
1.350000000000000089e+00 5.880044102668762207e-01 5.185845494270324707e-01
1.399999999999999911e+00 5.491228103637695312e-01 3.811256587505340576e-01
1.449999999999999956e+00 6.216542124748229980e-01 5.341787934303283691e-01
1.500000000000000000e+00 5.714971423149108887e-01 4.017088711261749268e-01
1.550000000000000044e+00 5.390742421150207520e-01 3.646439015865325928e-01
1.600000000000000089e+00 5.364754199981689453e-01 3.617250919342041016e-01
1.649999999999999911e+00 5.460089445114135742e-01 3.619391024112701416e-01
1.699999999999999956e+00 5.391783714294433594e-01 3.721091151237487793e-01
1.750000000000000000e+00 5.268052816390991211e-01 3.461790680885314941e-01
1.800000000000000044e+00 5.468291044235229492e-01 3.638282716274261475e-01
1.850000000000000089e+00 5.832125544548034668e-01 3.925988674163818359e-01
1.899999999999999911e+00 5.353913903236389160e-01 3.635833859443664551e-01
1.949999999999999956e+00 5.390695333480834961e-01 3.616226911544799805e-01
2.000000000000000000e+00 5.671694278717041016e-01 3.549451231956481934e-01
2.049999999999999822e+00 5.550521612167358398e-01 3.664422631263732910e-01
2.100000000000000089e+00 5.371807217597961426e-01 3.595582246780395508e-01
2.149999999999999911e+00 5.658183097839355469e-01 3.730847537517547607e-01
2.200000000000000178e+00 5.233901143074035645e-01 3.577571809291839600e-01
2.250000000000000000e+00 5.648452043533325195e-01 3.902332186698913574e-01
2.299999999999999822e+00 4.934312105178833008e-01 3.635975122451782227e-01
2.350000000000000089e+00 5.021085143089294434e-01 3.721545636653900146e-01
2.399999999999999911e+00 5.262974500656127930e-01 3.697862923145294189e-01
2.450000000000000178e+00 5.257157087326049805e-01 3.802224695682525635e-01
2.500000000000000000e+00 5.127209424972534180e-01 3.675880134105682373e-01
2.549999999999999822e+00 5.171661972999572754e-01 3.613543808460235596e-01
2.600000000000000089e+00 4.838814437389373779e-01 3.552959561347961426e-01
2.649999999999999911e+00 4.798752367496490479e-01 3.504970967769622803e-01
2.700000000000000178e+00 5.177201032638549805e-01 3.633759319782257080e-01
2.750000000000000000e+00 5.060327649116516113e-01 3.748213052749633789e-01
2.799999999999999822e+00 5.213702321052551270e-01 3.563593924045562744e-01
2.850000000000000089e+00 5.054200887680053711e-01 3.626309931278228760e-01
2.899999999999999911e+00 5.183143019676208496e-01 3.634087443351745605e-01
2.950000000000000178e+00 5.287247896194458008e-01 3.548886179924011230e-01
3.000000000000000000e+00 5.224670171737670898e-01 3.490067720413208008e-01
3.049999999999999822e+00 5.478009581565856934e-01 3.499516844749450684e-01
3.100000000000000089e+00 5.274336338043212891e-01 3.558781147003173828e-01
3.149999999999999911e+00 5.145853757858276367e-01 3.520354628562927246e-01
3.200000000000000178e+00 5.166565775871276855e-01 3.496311306953430176e-01
3.250000000000000000e+00 5.333421826362609863e-01 3.762991428375244141e-01
3.299999999999999822e+00 5.085447430610656738e-01 3.722928464412689209e-01
3.350000000000000089e+00 5.185516476631164551e-01 3.752995133399963379e-01
3.399999999999999911e+00 5.667079687118530273e-01 3.928495943546295166e-01
3.450000000000000178e+00 5.292961597442626953e-01 3.688282668590545654e-01
3.500000000000000000e+00 4.897652566432952881e-01 3.541385233402252197e-01
3.549999999999999822e+00 5.405516028404235840e-01 3.597069382667541504e-01
3.600000000000000089e+00 5.225792527198791504e-01 3.698674738407135010e-01
3.649999999999999911e+00 5.055669546127319336e-01 3.918623328208923340e-01
3.700000000000000178e+00 5.101428031921386719e-01 3.646559715270996094e-01
3.750000000000000000e+00 5.635842084884643555e-01 3.805392384529113770e-01
3.799999999999999822e+00 5.402084589004516602e-01 3.490217924118041992e-01
3.850000000000000089e+00 5.260277390480041504e-01 3.750919699668884277e-01
3.899999999999999911e+00 5.073480606079101562e-01 3.601803481578826904e-01
3.950000000000000178e+00 4.802053272724151611e-01 3.749242424964904785e-01
4.000000000000000000e+00 4.906627535820007324e-01 3.652039468288421631e-01
4.049999999999999822e+00 5.172739028930664062e-01 3.583366870880126953e-01
4.099999999999999645e+00 4.858198761940002441e-01 3.637292087078094482e-01
4.150000000000000355e+00 4.975317418575286865e-01 3.638530969619750977e-01
4.200000000000000178e+00 4.893773198127746582e-01 3.629958033561706543e-01
4.250000000000000000e+00 4.611323475837707520e-01 3.460722863674163818e-01
4.299999999999999822e+00 5.041083693504333496e-01 3.841604292392730713e-01
4.349999999999999645e+00 4.731775820255279541e-01 3.837785124778747559e-01
4.400000000000000355e+00 4.981774091720581055e-01 3.753675222396850586e-01
4.450000000000000178e+00 5.076171159744262695e-01 3.747120797634124756e-01
4.500000000000000000e+00 4.650761783123016357e-01 3.830952346324920654e-01
4.549999999999999822e+00 5.354979634284973145e-01 3.727169632911682129e-01
4.599999999999999645e+00 5.028021931648254395e-01 3.598110079765319824e-01
4.650000000000000355e+00 4.904173612594604492e-01 3.736978769302368164e-01
4.700000000000000178e+00 4.811453223228454590e-01 3.740106821060180664e-01
4.750000000000000000e+00 4.988688528537750244e-01 3.710029125213623047e-01
4.799999999999999822e+00 4.668759107589721680e-01 3.525748550891876221e-01
4.849999999999999645e+00 5.041010379791259766e-01 3.649027049541473389e-01
4.900000000000000355e+00 5.474238395690917969e-01 3.700959384441375732e-01
4.950000000000000178e+00 4.981778860092163086e-01 3.541044890880584717e-01
5.000000000000000000e+00 5.118293762207031250e-01 3.433731794357299805e-01
5.049999999999999822e+00 5.105866193771362305e-01 3.656184077262878418e-01
5.099999999999999645e+00 5.351978540420532227e-01 3.613918125629425049e-01
5.150000000000000355e+00 5.322533845901489258e-01 3.511053919792175293e-01
5.200000000000000178e+00 5.156298875808715820e-01 3.651755452156066895e-01
5.250000000000000000e+00 5.003010630607604980e-01 3.698770701885223389e-01
5.299999999999999822e+00 4.933700263500213623e-01 3.625107109546661377e-01
5.349999999999999645e+00 4.883582890033721924e-01 3.527746796607971191e-01
5.400000000000000355e+00 4.882017970085144043e-01 3.602376282215118408e-01
5.450000000000000178e+00 5.212801098823547363e-01 3.725656867027282715e-01
5.500000000000000000e+00 5.027822852134704590e-01 3.496940135955810547e-01
5.549999999999999822e+00 5.022556781768798828e-01 3.497041165828704834e-01
5.599999999999999645e+00 5.155978798866271973e-01 3.794642388820648193e-01
5.650000000000000355e+00 5.428056120872497559e-01 3.589318096637725830e-01
5.700000000000000178e+00 4.835452437400817871e-01 3.720068037509918213e-01
5.750000000000000000e+00 5.058068633079528809e-01 3.725838065147399902e-01
5.799999999999999822e+00 5.247560739517211914e-01 3.784295618534088135e-01
5.849999999999999645e+00 5.345262289047241211e-01 3.553406596183776855e-01
5.900000000000000355e+00 5.163041353225708008e-01 3.461936712265014648e-01
5.950000000000000178e+00 5.052056908607482910e-01 3.618480265140533447e-01
6.000000000000000000e+00 5.026770234107971191e-01 3.629451692104339600e-01
6.049999999999999822e+00 5.185346603393554688e-01 3.887532949447631836e-01
6.099999999999999645e+00 4.969326555728912354e-01 3.471615016460418701e-01
6.150000000000000355e+00 5.046770572662353516e-01 3.581144809722900391e-01
6.200000000000000178e+00 5.129929780960083008e-01 3.658016324043273926e-01
6.250000000000000000e+00 4.940528571605682373e-01 3.553955256938934326e-01
6.299999999999999822e+00 4.717395007610321045e-01 3.663307130336761475e-01
6.349999999999999645e+00 5.219780206680297852e-01 3.720024526119232178e-01
6.400000000000000355e+00 5.232619047164916992e-01 3.735694289207458496e-01
6.450000000000000178e+00 5.383715629577636719e-01 3.787374198436737061e-01
6.500000000000000000e+00 5.119180083274841309e-01 3.596484065055847168e-01
6.549999999999999822e+00 5.289662480354309082e-01 3.721412420272827148e-01
6.599999999999999645e+00 4.779265820980072021e-01 3.374818861484527588e-01
6.650000000000000355e+00 5.116490721702575684e-01 3.608891665935516357e-01
6.700000000000000178e+00 5.183726549148559570e-01 3.585055172443389893e-01
6.750000000000000000e+00 5.034224390983581543e-01 3.671758472919464111e-01
6.799999999999999822e+00 5.280548930168151855e-01 3.617760539054870605e-01
6.849999999999999645e+00 5.116844177246093750e-01 3.707747757434844971e-01
6.900000000000000355e+00 5.032065510749816895e-01 3.730025887489318848e-01
6.950000000000000178e+00 5.013073682785034180e-01 3.658608198165893555e-01
7.000000000000000000e+00 5.032395124435424805e-01 3.663510978221893311e-01
7.049999999999999822e+00 5.329409241676330566e-01 3.860478699207305908e-01
7.099999999999999645e+00 5.341243743896484375e-01 3.688143193721771240e-01
7.150000000000000355e+00 5.169367194175720215e-01 3.668240010738372803e-01
7.200000000000000178e+00 4.655379354953765869e-01 3.685115873813629150e-01
7.250000000000000000e+00 4.966870248317718506e-01 3.602721691131591797e-01
7.299999999999999822e+00 4.637953937053680420e-01 3.542625606060028076e-01
7.349999999999999645e+00 5.389741063117980957e-01 3.750054240226745605e-01
7.400000000000000355e+00 4.955775737762451172e-01 3.671006858348846436e-01
7.450000000000000178e+00 5.154526233673095703e-01 3.671543300151824951e-01
7.500000000000000000e+00 5.028524994850158691e-01 3.613499701023101807e-01
7.549999999999999822e+00 4.702648222446441650e-01 3.659154176712036133e-01
7.599999999999999645e+00 5.060840249061584473e-01 3.577736020088195801e-01
7.650000000000000355e+00 5.153405666351318359e-01 3.696334958076477051e-01
7.700000000000000178e+00 4.856512248516082764e-01 3.578952848911285400e-01
7.750000000000000000e+00 4.792798459529876709e-01 3.497171401977539062e-01
7.799999999999999822e+00 5.053458213806152344e-01 3.544661104679107666e-01
7.849999999999999645e+00 5.050749778747558594e-01 3.523930907249450684e-01
7.900000000000000355e+00 4.727123677730560303e-01 3.629035651683807373e-01
7.950000000000000178e+00 5.235073566436767578e-01 3.753265440464019775e-01
8.000000000000000000e+00 5.120711326599121094e-01 3.589830100536346436e-01
8.050000000000000711e+00 4.995235502719879150e-01 3.550915122032165527e-01
8.099999999999999645e+00 5.204787254333496094e-01 3.510812222957611084e-01
8.150000000000000355e+00 5.419676303863525391e-01 3.456616699695587158e-01
8.199999999999999289e+00 5.165714621543884277e-01 3.562443554401397705e-01
8.250000000000000000e+00 5.226634144783020020e-01 3.557907342910766602e-01
8.300000000000000711e+00 4.957962334156036377e-01 3.453460335731506348e-01
8.349999999999999645e+00 5.334305167198181152e-01 3.775156140327453613e-01
8.400000000000000355e+00 5.548425912857055664e-01 4.200204312801361084e-01
8.449999999999999289e+00 5.609015822410583496e-01 3.993132710456848145e-01
8.500000000000000000e+00 5.756093859672546387e-01 3.839453160762786865e-01
8.550000000000000711e+00 5.585637092590332031e-01 3.942259252071380615e-01
8.599999999999999645e+00 5.369712114334106445e-01 3.933956921100616455e-01
8.650000000000000355e+00 5.509999990463256836e-01 3.669686913490295410e-01
8.699999999999999289e+00 5.401145815849304199e-01 3.700930774211883545e-01
8.750000000000000000e+00 5.439862012863159180e-01 3.691832423210144043e-01
8.800000000000000711e+00 5.298697352409362793e-01 3.697186112403869629e-01
8.849999999999999645e+00 5.661261081695556641e-01 3.851763606071472168e-01
8.900000000000000355e+00 5.423154830932617188e-01 3.639972209930419922e-01
8.949999999999999289e+00 5.436194539070129395e-01 3.998573720455169678e-01
9.000000000000000000e+00 5.501220226287841797e-01 3.624114394187927246e-01
9.050000000000000711e+00 5.792011022567749023e-01 4.131766259670257568e-01
9.099999999999999645e+00 5.744842886924743652e-01 3.965513706207275391e-01
9.150000000000000355e+00 5.562335848808288574e-01 4.083369672298431396e-01
9.199999999999999289e+00 5.753765702247619629e-01 3.945657610893249512e-01
9.250000000000000000e+00 5.532940626144409180e-01 4.057512581348419189e-01
9.300000000000000711e+00 5.186147689819335938e-01 3.699540793895721436e-01
9.349999999999999645e+00 5.238176584243774414e-01 3.665980100631713867e-01
9.400000000000000355e+00 5.474396944046020508e-01 3.897963762283325195e-01
9.449999999999999289e+00 5.416742563247680664e-01 3.947872519493103027e-01
9.500000000000000000e+00 5.328081250190734863e-01 3.813931345939636230e-01
9.550000000000000711e+00 5.609368085861206055e-01 3.874921202659606934e-01
9.599999999999999645e+00 5.371611118316650391e-01 3.758576512336730957e-01
9.650000000000000355e+00 5.328443050384521484e-01 3.871254622936248779e-01
9.699999999999999289e+00 5.705162286758422852e-01 3.838500678539276123e-01
9.750000000000000000e+00 5.621994137763977051e-01 4.072383344173431396e-01
9.800000000000000711e+00 5.764621496200561523e-01 3.852411210536956787e-01
9.849999999999999645e+00 5.650008320808410645e-01 4.009153544902801514e-01
9.900000000000000355e+00 5.599553585052490234e-01 3.867053687572479248e-01
9.949999999999999289e+00 5.311458110809326172e-01 3.693531453609466553e-01
1.000000000000000000e+01 5.452980995178222656e-01 3.793970644474029541e-01
1.005000000000000071e+01 5.198258161544799805e-01 3.642609119415283203e-01
1.009999999999999964e+01 5.459315180778503418e-01 3.731852471828460693e-01
1.015000000000000036e+01 5.510283708572387695e-01 3.862512409687042236e-01
1.019999999999999929e+01 5.340757369995117188e-01 3.774467408657073975e-01
1.025000000000000000e+01 5.315875411033630371e-01 3.831045031547546387e-01
1.030000000000000071e+01 5.511674284934997559e-01 3.800043165683746338e-01
1.034999999999999964e+01 5.411994457244873047e-01 3.637540042400360107e-01
1.040000000000000036e+01 4.883225262165069580e-01 3.430365920066833496e-01
1.044999999999999929e+01 5.222439765930175781e-01 3.541099727153778076e-01
1.050000000000000000e+01 5.013230443000793457e-01 3.507217168807983398e-01
1.055000000000000071e+01 5.517681241035461426e-01 3.689594268798828125e-01
1.059999999999999964e+01 5.455952286720275879e-01 3.515182435512542725e-01
1.065000000000000036e+01 5.256813764572143555e-01 3.797288537025451660e-01
1.069999999999999929e+01 5.261608362197875977e-01 3.402236700057983398e-01
1.075000000000000000e+01 5.549235343933105469e-01 3.743662536144256592e-01
1.080000000000000071e+01 5.544808506965637207e-01 3.854066431522369385e-01
1.084999999999999964e+01 5.276439189910888672e-01 3.623177111148834229e-01
1.090000000000000036e+01 5.445703268051147461e-01 3.643639683723449707e-01
1.094999999999999929e+01 5.651604533195495605e-01 3.645397126674652100e-01
1.100000000000000000e+01 5.744117498397827148e-01 3.597440421581268311e-01
1.105000000000000071e+01 5.571904182434082031e-01 3.701958656311035156e-01
1.109999999999999964e+01 5.721495747566223145e-01 3.840950429439544678e-01
1.115000000000000036e+01 5.680323243141174316e-01 3.711465895175933838e-01
1.119999999999999929e+01 5.775075554847717285e-01 3.954919278621673584e-01
1.125000000000000000e+01 5.411190390586853027e-01 3.582958877086639404e-01
1.130000000000000071e+01 5.448136329650878906e-01 3.798063993453979492e-01
1.134999999999999964e+01 5.448824763298034668e-01 3.719100952148437500e-01
1.140000000000000036e+01 5.585432052612304688e-01 3.717671036720275879e-01
1.144999999999999929e+01 5.556662678718566895e-01 3.708272576332092285e-01
1.150000000000000000e+01 5.255293250083923340e-01 3.716839849948883057e-01
1.155000000000000071e+01 5.343951582908630371e-01 3.628377318382263184e-01
1.159999999999999964e+01 5.457558035850524902e-01 3.682731986045837402e-01
1.165000000000000036e+01 5.152181982994079590e-01 3.722163140773773193e-01
1.169999999999999929e+01 5.516030192375183105e-01 3.758444488048553467e-01
1.175000000000000000e+01 5.362332463264465332e-01 3.672955036163330078e-01
1.180000000000000071e+01 5.417584776878356934e-01 3.774189949035644531e-01
1.184999999999999964e+01 5.744056105613708496e-01 3.975951075553894043e-01
1.190000000000000036e+01 5.301373600959777832e-01 3.747449517250061035e-01
1.194999999999999929e+01 5.060383677482604980e-01 3.764958083629608154e-01
1.200000000000000000e+01 5.358758568763732910e-01 3.851819038391113281e-01
1.205000000000000071e+01 4.981165528297424316e-01 3.591477870941162109e-01
1.209999999999999964e+01 5.269098877906799316e-01 3.618358671665191650e-01
1.215000000000000036e+01 5.091305971145629883e-01 3.809998929500579834e-01
1.219999999999999929e+01 5.105420351028442383e-01 3.782396316528320312e-01
1.225000000000000000e+01 5.268063545227050781e-01 3.798525929450988770e-01
1.230000000000000071e+01 5.028635859489440918e-01 3.639201223850250244e-01
1.234999999999999964e+01 5.491024851799011230e-01 3.599912226200103760e-01
1.240000000000000036e+01 5.096557736396789551e-01 3.543560206890106201e-01
1.244999999999999929e+01 5.433387756347656250e-01 3.828746080398559570e-01
1.250000000000000000e+01 5.163160562515258789e-01 3.583994507789611816e-01
1.255000000000000071e+01 5.239561200141906738e-01 3.715588748455047607e-01
1.259999999999999964e+01 5.166227817535400391e-01 3.785513639450073242e-01
1.265000000000000036e+01 5.116434097290039062e-01 3.842059969902038574e-01
1.269999999999999929e+01 5.410861372947692871e-01 3.862694799900054932e-01
1.275000000000000000e+01 5.214039087295532227e-01 3.873785138130187988e-01
1.280000000000000071e+01 5.030764341354370117e-01 3.715197145938873291e-01
1.284999999999999964e+01 5.270349383354187012e-01 3.932149410247802734e-01
1.290000000000000036e+01 5.092054605484008789e-01 3.913286626338958740e-01
1.294999999999999929e+01 5.038354396820068359e-01 3.602527379989624023e-01
1.300000000000000000e+01 5.181552767753601074e-01 3.722712695598602295e-01
1.305000000000000071e+01 5.590070486068725586e-01 3.951265811920166016e-01
1.309999999999999964e+01 5.090247392654418945e-01 3.746438920497894287e-01
1.315000000000000036e+01 5.513638257980346680e-01 3.767679631710052490e-01
1.319999999999999929e+01 5.381234884262084961e-01 3.594286441802978516e-01
1.325000000000000000e+01 5.167678594589233398e-01 3.669726550579071045e-01
1.330000000000000071e+01 5.480738878250122070e-01 3.907837271690368652e-01
1.334999999999999964e+01 5.094577670097351074e-01 3.468230068683624268e-01
1.340000000000000036e+01 5.098109841346740723e-01 3.687468469142913818e-01
1.344999999999999929e+01 5.336375236511230469e-01 3.805573880672454834e-01
1.350000000000000000e+01 4.962159991264343262e-01 3.718992769718170166e-01
1.355000000000000071e+01 5.312817692756652832e-01 3.591397106647491455e-01
1.359999999999999964e+01 5.744290947914123535e-01 3.814366459846496582e-01
1.365000000000000036e+01 5.204730629920959473e-01 3.516618907451629639e-01
1.369999999999999929e+01 5.272287130355834961e-01 3.754543960094451904e-01
1.375000000000000000e+01 5.253000259399414062e-01 3.645946681499481201e-01
1.380000000000000071e+01 4.847736358642578125e-01 3.761770725250244141e-01
1.384999999999999964e+01 5.271072387695312500e-01 3.989598751068115234e-01
1.390000000000000036e+01 5.196969509124755859e-01 3.614829480648040771e-01
1.394999999999999929e+01 5.645979642868041992e-01 3.954439759254455566e-01
1.400000000000000000e+01 5.047703981399536133e-01 3.875020444393157959e-01
1.405000000000000071e+01 5.503409504890441895e-01 4.107287526130676270e-01
1.409999999999999964e+01 5.238204598426818848e-01 3.764917552471160889e-01
1.415000000000000036e+01 5.106605291366577148e-01 3.681819438934326172e-01
1.419999999999999929e+01 5.170018076896667480e-01 3.731298744678497314e-01
1.425000000000000000e+01 5.200289487838745117e-01 3.799591958522796631e-01
1.430000000000000071e+01 5.500574707984924316e-01 3.720660209655761719e-01
1.434999999999999964e+01 5.126461982727050781e-01 3.573378026485443115e-01
1.440000000000000036e+01 5.418654680252075195e-01 3.918496072292327881e-01
1.444999999999999929e+01 5.380467176437377930e-01 3.618481457233428955e-01
1.450000000000000000e+01 5.493134260177612305e-01 3.707682490348815918e-01
1.455000000000000071e+01 5.570646524429321289e-01 3.664927482604980469e-01
1.459999999999999964e+01 5.722107291221618652e-01 3.956679701805114746e-01
1.465000000000000036e+01 5.377190113067626953e-01 3.738567233085632324e-01
1.469999999999999929e+01 5.603544116020202637e-01 3.824304938316345215e-01
1.475000000000000000e+01 5.422140955924987793e-01 3.831005990505218506e-01
1.480000000000000071e+01 5.067405700683593750e-01 3.608241677284240723e-01
1.484999999999999964e+01 5.093416571617126465e-01 3.737298548221588135e-01
1.490000000000000036e+01 5.310123562812805176e-01 3.735251724720001221e-01
1.494999999999999929e+01 6.145746707916259766e-01 4.623093903064727783e-01
1.500000000000000000e+01 5.241458415985107422e-01 3.831057250499725342e-01
1.505000000000000071e+01 5.618523359298706055e-01 3.908261954784393311e-01
1.509999999999999964e+01 5.500664710998535156e-01 3.742740154266357422e-01
1.515000000000000036e+01 4.875948429107666016e-01 3.590513169765472412e-01
1.519999999999999929e+01 5.549424886703491211e-01 3.889526128768920898e-01
1.525000000000000000e+01 5.247787833213806152e-01 3.829333782196044922e-01
1.530000000000000071e+01 5.332747697830200195e-01 3.762380182743072510e-01
1.534999999999999964e+01 5.359822511672973633e-01 3.776917755603790283e-01
1.540000000000000036e+01 5.555300116539001465e-01 3.940631151199340820e-01
1.544999999999999929e+01 5.081583261489868164e-01 3.646831810474395752e-01
1.550000000000000000e+01 3.980577290058135986e-01 3.480761945247650146e-01
1.555000000000000071e+01 3.803960084915161133e-01 3.970367014408111572e-01
1.559999999999999964e+01 3.466554284095764160e-01 3.691288232803344727e-01
1.565000000000000036e+01 3.451682031154632568e-01 3.767504990100860596e-01
1.569999999999999929e+01 3.536611795425415039e-01 4.093239009380340576e-01
1.575000000000000000e+01 3.548365533351898193e-01 4.086391329765319824e-01
1.580000000000000071e+01 3.580348789691925049e-01 3.960177004337310791e-01
1.584999999999999964e+01 3.669513165950775146e-01 3.912507891654968262e-01
1.590000000000000036e+01 3.548492789268493652e-01 3.944881260395050049e-01
1.594999999999999929e+01 3.680732250213623047e-01 3.824278414249420166e-01
1.600000000000000000e+01 3.598913848400115967e-01 3.866406381130218506e-01
1.605000000000000071e+01 3.793427944183349609e-01 4.842003583908081055e-01
1.610000000000000142e+01 3.360387682914733887e-01 4.718993902206420898e-01
1.614999999999999858e+01 3.331348896026611328e-01 4.893863499164581299e-01
1.619999999999999929e+01 3.630027472972869873e-01 5.101824998855590820e-01
1.625000000000000000e+01 3.657649755477905273e-01 5.147366523742675781e-01
1.630000000000000071e+01 3.788889944553375244e-01 5.048266053199768066e-01
1.635000000000000142e+01 3.439451456069946289e-01 5.056334137916564941e-01
1.639999999999999858e+01 3.528087437152862549e-01 5.204163789749145508e-01
1.644999999999999929e+01 3.716600835323333740e-01 5.054910778999328613e-01
1.650000000000000000e+01 3.686217665672302246e-01 5.020616650581359863e-01
1.655000000000000071e+01 3.389780223369598389e-01 4.845968484878540039e-01
1.660000000000000142e+01 3.309016823768615723e-01 5.079339146614074707e-01
1.664999999999999858e+01 3.403250575065612793e-01 4.978494942188262939e-01
1.669999999999999929e+01 3.383975028991699219e-01 4.854882359504699707e-01
1.675000000000000000e+01 3.527902364730834961e-01 5.071706175804138184e-01
1.680000000000000071e+01 3.526326119899749756e-01 5.054906606674194336e-01
1.685000000000000142e+01 3.489142060279846191e-01 4.913198649883270264e-01
1.689999999999999858e+01 3.647551238536834717e-01 5.272136330604553223e-01
1.694999999999999929e+01 3.380815386772155762e-01 4.873974919319152832e-01
1.700000000000000000e+01 3.445965647697448730e-01 5.010238289833068848e-01
1.705000000000000071e+01 3.648027181625366211e-01 5.275738835334777832e-01
1.710000000000000142e+01 3.718993365764617920e-01 3.916965425014495850e-01
1.714999999999999858e+01 3.672629892826080322e-01 3.956208229064941406e-01
1.719999999999999929e+01 3.472954332828521729e-01 3.641293644905090332e-01
1.725000000000000000e+01 3.416038155555725098e-01 4.014237523078918457e-01
1.730000000000000071e+01 3.644022643566131592e-01 3.971825242042541504e-01
1.735000000000000142e+01 3.601042032241821289e-01 3.809304535388946533e-01
1.739999999999999858e+01 3.625369071960449219e-01 3.642044365406036377e-01
1.744999999999999929e+01 3.460358679294586182e-01 3.516533672809600830e-01
1.750000000000000000e+01 3.479426205158233643e-01 3.804025352001190186e-01
1.755000000000000071e+01 3.630029261112213135e-01 3.686601519584655762e-01
1.760000000000000142e+01 3.635412454605102539e-01 3.681318759918212891e-01
1.764999999999999858e+01 3.832205832004547119e-01 3.915658891201019287e-01
1.769999999999999929e+01 3.273010551929473877e-01 3.810732066631317139e-01
1.775000000000000000e+01 3.557609915733337402e-01 3.721518218517303467e-01
1.780000000000000071e+01 3.584269881248474121e-01 3.775052428245544434e-01
1.785000000000000142e+01 3.802552819252014160e-01 3.794602453708648682e-01
1.789999999999999858e+01 3.717245161533355713e-01 3.659425973892211914e-01
1.794999999999999929e+01 4.417172372341156006e-01 3.945074081420898438e-01
1.800000000000000000e+01 3.555389642715454102e-01 3.847740292549133301e-01
1.805000000000000071e+01 3.552393317222595215e-01 3.856385052204132080e-01
1.810000000000000142e+01 3.861566483974456787e-01 3.704063892364501953e-01
1.814999999999999858e+01 3.412034809589385986e-01 3.368338346481323242e-01
1.819999999999999929e+01 3.451536595821380615e-01 3.455287516117095947e-01
1.825000000000000000e+01 3.350373804569244385e-01 3.558720946311950684e-01
1.830000000000000071e+01 3.621106743812561035e-01 3.744998872280120850e-01
1.835000000000000142e+01 3.516716957092285156e-01 3.431575596332550049e-01
1.839999999999999858e+01 3.480488955974578857e-01 3.466597795486450195e-01
1.844999999999999929e+01 3.470100760459899902e-01 3.401425480842590332e-01
1.850000000000000000e+01 3.426690101623535156e-01 3.493323028087615967e-01
1.855000000000000071e+01 3.431821465492248535e-01 3.703755140304565430e-01
1.860000000000000142e+01 3.555628061294555664e-01 3.501000106334686279e-01
1.864999999999999858e+01 3.337199091911315918e-01 3.562035262584686279e-01
1.869999999999999929e+01 3.377365469932556152e-01 3.714807331562042236e-01
1.875000000000000000e+01 3.403851389884948730e-01 3.397323191165924072e-01
1.880000000000000071e+01 3.510969579219818115e-01 3.609114885330200195e-01
1.885000000000000142e+01 3.799856603145599365e-01 3.646232187747955322e-01
1.889999999999999858e+01 3.769935965538024902e-01 3.382985591888427734e-01
1.894999999999999929e+01 4.843388199806213379e-01 3.470144569873809814e-01
1.900000000000000000e+01 4.415584504604339600e-01 3.242313265800476074e-01
1.905000000000000071e+01 4.054062366485595703e-01 3.295253217220306396e-01
1.910000000000000142e+01 4.225977659225463867e-01 3.480416536331176758e-01
1.914999999999999858e+01 3.369048237800598145e-01 3.463909924030303955e-01
1.919999999999999929e+01 4.267899096012115479e-01 3.450188934803009033e-01
1.925000000000000000e+01 5.194238424301147461e-01 3.618136048316955566e-01
1.930000000000000071e+01 4.882840812206268311e-01 3.578185141086578369e-01
1.935000000000000142e+01 4.431045651435852051e-01 3.504979014396667480e-01
1.939999999999999858e+01 4.336856305599212646e-01 3.475558161735534668e-01
1.944999999999999929e+01 4.151746332645416260e-01 3.541792333126068115e-01
1.950000000000000000e+01 5.115261077880859375e-01 3.634984493255615234e-01
1.955000000000000071e+01 4.398969411849975586e-01 3.358842134475708008e-01
1.960000000000000142e+01 4.251707494258880615e-01 3.301727473735809326e-01
1.964999999999999858e+01 4.309362471103668213e-01 3.569105863571166992e-01
1.969999999999999929e+01 4.205909967422485352e-01 3.265730142593383789e-01
1.975000000000000000e+01 4.117574691772460938e-01 3.210782706737518311e-01
1.980000000000000071e+01 4.129403829574584961e-01 3.720385730266571045e-01
1.985000000000000142e+01 4.376814663410186768e-01 3.388306498527526855e-01
1.989999999999999858e+01 4.559342265129089355e-01 3.452261984348297119e-01
1.994999999999999929e+01 4.801105558872222900e-01 3.602960109710693359e-01
2.000000000000000000e+01 4.908216893672943115e-01 3.356696963310241699e-01
2.005000000000000071e+01 4.779520928859710693e-01 3.553451597690582275e-01
2.010000000000000142e+01 4.669535160064697266e-01 3.711951076984405518e-01
2.014999999999999858e+01 4.974706172943115234e-01 3.423755764961242676e-01
2.019999999999999929e+01 5.195644497871398926e-01 3.478691279888153076e-01
2.025000000000000000e+01 4.813087582588195801e-01 3.462804555892944336e-01
2.030000000000000071e+01 5.248865485191345215e-01 3.441585004329681396e-01
2.035000000000000142e+01 5.147194266319274902e-01 3.407769799232482910e-01
2.039999999999999858e+01 5.146229267120361328e-01 3.291609287261962891e-01
2.044999999999999929e+01 5.294222235679626465e-01 3.401999175548553467e-01
2.050000000000000000e+01 4.716544151306152344e-01 3.483332693576812744e-01
2.055000000000000071e+01 4.813896119594573975e-01 3.355158567428588867e-01
2.060000000000000142e+01 4.912056624889373779e-01 3.604149818420410156e-01
2.064999999999999858e+01 5.094949603080749512e-01 3.299483656883239746e-01
2.069999999999999929e+01 5.077144503593444824e-01 3.363375961780548096e-01
2.075000000000000000e+01 4.739097058773040771e-01 3.418569266796112061e-01
2.080000000000000071e+01 4.986510872840881348e-01 3.332774937152862549e-01
2.085000000000000142e+01 5.226808190345764160e-01 3.465604484081268311e-01
2.089999999999999858e+01 5.465975403785705566e-01 3.399807214736938477e-01
2.094999999999999929e+01 5.223645567893981934e-01 3.329891562461853027e-01
2.100000000000000000e+01 5.345677137374877930e-01 3.611425161361694336e-01
2.105000000000000071e+01 5.499690175056457520e-01 3.541469573974609375e-01
2.110000000000000142e+01 5.595120787620544434e-01 3.430712521076202393e-01
2.114999999999999858e+01 5.769037008285522461e-01 3.779458105564117432e-01
2.119999999999999929e+01 5.458720326423645020e-01 3.696824610233306885e-01
2.125000000000000000e+01 5.227878093719482422e-01 3.500789999961853027e-01
2.130000000000000071e+01 5.070995092391967773e-01 3.479913771152496338e-01
2.135000000000000142e+01 5.707144141197204590e-01 3.678449392318725586e-01
2.139999999999999858e+01 5.307372808456420898e-01 3.418798744678497314e-01
2.144999999999999929e+01 5.061116218566894531e-01 3.473744690418243408e-01
2.150000000000000000e+01 5.181668400764465332e-01 3.536695241928100586e-01
2.155000000000000071e+01 5.267770886421203613e-01 3.344503641128540039e-01
2.160000000000000142e+01 5.465938448905944824e-01 3.544657230377197266e-01
2.164999999999999858e+01 5.393413901329040527e-01 3.479167222976684570e-01
2.169999999999999929e+01 5.266203880310058594e-01 3.408257663249969482e-01
2.175000000000000000e+01 4.927819371223449707e-01 3.399102687835693359e-01
2.180000000000000071e+01 5.312497615814208984e-01 3.658102154731750488e-01
2.185000000000000142e+01 5.214496850967407227e-01 3.535279929637908936e-01
2.189999999999999858e+01 5.160524249076843262e-01 3.343291580677032471e-01
2.194999999999999929e+01 5.377368330955505371e-01 3.446328639984130859e-01
2.200000000000000000e+01 5.140565633773803711e-01 3.399925529956817627e-01
2.205000000000000071e+01 5.325842499732971191e-01 3.547012805938720703e-01
2.210000000000000142e+01 5.220578312873840332e-01 3.441599905490875244e-01
2.214999999999999858e+01 5.374121665954589844e-01 3.633359968662261963e-01
2.219999999999999929e+01 5.152252316474914551e-01 3.389013409614562988e-01
2.225000000000000000e+01 5.331123471260070801e-01 3.533058762550354004e-01
2.230000000000000071e+01 5.342412590980529785e-01 3.542101681232452393e-01
2.235000000000000142e+01 5.112922787666320801e-01 3.454170227050781250e-01
2.239999999999999858e+01 5.443032383918762207e-01 3.570629358291625977e-01
2.244999999999999929e+01 5.547261834144592285e-01 3.642106056213378906e-01
2.250000000000000000e+01 5.352618098258972168e-01 3.648465573787689209e-01
2.255000000000000071e+01 5.186560750007629395e-01 3.563342988491058350e-01
2.260000000000000142e+01 5.239998102188110352e-01 3.825716972351074219e-01
2.264999999999999858e+01 5.039306879043579102e-01 3.551874756813049316e-01
2.269999999999999929e+01 5.189421176910400391e-01 3.444373011589050293e-01
2.275000000000000000e+01 5.235619544982910156e-01 3.611010909080505371e-01
2.280000000000000071e+01 5.089845657348632812e-01 3.327028453350067139e-01
2.285000000000000142e+01 5.462703108787536621e-01 3.357754051685333252e-01
2.289999999999999858e+01 5.091227889060974121e-01 3.322450816631317139e-01
2.294999999999999929e+01 5.253923535346984863e-01 3.429636955261230469e-01
2.300000000000000000e+01 5.366175770759582520e-01 3.323630094528198242e-01
2.305000000000000071e+01 5.434752106666564941e-01 3.633442819118499756e-01
2.310000000000000142e+01 5.284553766250610352e-01 3.437965214252471924e-01
2.314999999999999858e+01 5.401517152786254883e-01 3.385200798511505127e-01
2.319999999999999929e+01 5.195014476776123047e-01 3.321835994720458984e-01
2.325000000000000000e+01 5.366759896278381348e-01 3.582110106945037842e-01
2.330000000000000071e+01 5.237134099006652832e-01 3.357168436050415039e-01
2.335000000000000142e+01 5.334875583648681641e-01 3.566187322139739990e-01
2.339999999999999858e+01 5.413696169853210449e-01 3.430873453617095947e-01
2.344999999999999929e+01 5.195304751396179199e-01 3.344323337078094482e-01
2.350000000000000000e+01 5.201982855796813965e-01 3.637637794017791748e-01
2.355000000000000071e+01 5.257548093795776367e-01 3.483803272247314453e-01
2.360000000000000142e+01 5.571676492691040039e-01 3.522925078868865967e-01
2.364999999999999858e+01 5.387170910835266113e-01 3.728014230728149414e-01
2.369999999999999929e+01 5.442326068878173828e-01 3.490716814994812012e-01
2.375000000000000000e+01 5.146862864494323730e-01 3.321582674980163574e-01
2.380000000000000071e+01 5.381905436515808105e-01 3.378253579139709473e-01
2.385000000000000142e+01 5.086719393730163574e-01 3.498944938182830811e-01
2.389999999999999858e+01 5.407819151878356934e-01 3.675173223018646240e-01
2.394999999999999929e+01 5.689338445663452148e-01 3.724112510681152344e-01
2.400000000000000000e+01 5.363112688064575195e-01 3.376181125640869141e-01
2.405000000000000071e+01 5.571865439414978027e-01 3.648900687694549561e-01
2.410000000000000142e+01 5.397081375122070312e-01 3.612936139106750488e-01
2.414999999999999858e+01 5.381405353546142578e-01 3.428035080432891846e-01
2.419999999999999929e+01 5.319270491600036621e-01 3.480303287506103516e-01
2.425000000000000000e+01 5.038592815399169922e-01 3.419957756996154785e-01
2.430000000000000071e+01 5.643349885940551758e-01 3.882074356079101562e-01
2.435000000000000142e+01 5.575743317604064941e-01 3.692237436771392822e-01
2.439999999999999858e+01 5.689581036567687988e-01 3.779591321945190430e-01
2.444999999999999929e+01 5.519432425498962402e-01 3.520084619522094727e-01
2.450000000000000000e+01 5.227781534194946289e-01 3.329174220561981201e-01
2.455000000000000071e+01 5.411363840103149414e-01 3.583656847476959229e-01
2.460000000000000142e+01 6.047563552856445312e-01 3.855671584606170654e-01
2.464999999999999858e+01 5.681707262992858887e-01 3.638047277927398682e-01
2.469999999999999929e+01 5.699724555015563965e-01 3.462437093257904053e-01
2.475000000000000000e+01 5.223362445831298828e-01 3.613727986812591553e-01
2.480000000000000071e+01 5.332848429679870605e-01 3.485815227031707764e-01
2.485000000000000142e+01 5.506398081779479980e-01 3.846675157546997070e-01
2.489999999999999858e+01 5.209261775016784668e-01 3.659098744392395020e-01
2.494999999999999929e+01 5.643589496612548828e-01 3.783465325832366943e-01
2.500000000000000000e+01 5.437659621238708496e-01 3.660671412944793701e-01
2.505000000000000071e+01 5.135504603385925293e-01 3.436568677425384521e-01
2.510000000000000142e+01 5.336826443672180176e-01 3.439099490642547607e-01
2.514999999999999858e+01 5.400314331054687500e-01 3.402188420295715332e-01
2.519999999999999929e+01 5.351346731185913086e-01 3.505668342113494873e-01
2.525000000000000000e+01 5.203467607498168945e-01 3.549830615520477295e-01
2.530000000000000071e+01 5.131636261940002441e-01 3.572129309177398682e-01
2.535000000000000142e+01 5.607004165649414062e-01 3.572069108486175537e-01
2.539999999999999858e+01 5.066545605659484863e-01 3.440118134021759033e-01
2.544999999999999929e+01 5.341404080390930176e-01 3.516942858695983887e-01
2.550000000000000000e+01 5.525296330451965332e-01 3.594622611999511719e-01
2.555000000000000071e+01 5.234299898147583008e-01 3.668814897537231445e-01
2.560000000000000142e+01 5.131868124008178711e-01 3.384095430374145508e-01
2.564999999999999858e+01 5.478212237358093262e-01 3.420716524124145508e-01
2.569999999999999929e+01 5.653184652328491211e-01 3.624941706657409668e-01
2.575000000000000000e+01 5.702956318855285645e-01 3.680081665515899658e-01
2.580000000000000071e+01 5.287429690361022949e-01 3.519446253776550293e-01
2.585000000000000142e+01 5.079270601272583008e-01 3.356368243694305420e-01
2.589999999999999858e+01 4.893890917301177979e-01 3.209562599658966064e-01
2.594999999999999929e+01 5.584352612495422363e-01 3.565447628498077393e-01
2.600000000000000000e+01 5.294613838195800781e-01 3.531828522682189941e-01
2.605000000000000071e+01 5.330041646957397461e-01 3.616589307785034180e-01
2.610000000000000142e+01 5.012175440788269043e-01 3.472593128681182861e-01
2.614999999999999858e+01 5.564682483673095703e-01 3.654913008213043213e-01
2.619999999999999929e+01 5.673886537551879883e-01 3.671439588069915771e-01
2.625000000000000000e+01 5.368510484695434570e-01 3.460144102573394775e-01
2.630000000000000071e+01 5.331810116767883301e-01 3.566526472568511963e-01
2.635000000000000142e+01 5.664326548576354980e-01 3.675541579723358154e-01
2.639999999999999858e+01 5.506966710090637207e-01 3.681114017963409424e-01
2.644999999999999929e+01 5.453696250915527344e-01 3.680054247379302979e-01
2.650000000000000000e+01 5.345971584320068359e-01 3.730428516864776611e-01
2.655000000000000071e+01 5.519283413887023926e-01 3.947376906871795654e-01
2.660000000000000142e+01 5.181903839111328125e-01 3.515538871288299561e-01
2.664999999999999858e+01 5.622916817665100098e-01 3.704023063182830811e-01
2.669999999999999929e+01 5.860335826873779297e-01 4.083470106124877930e-01
2.675000000000000000e+01 5.255987644195556641e-01 3.483476042747497559e-01
2.680000000000000071e+01 5.608308315277099609e-01 3.930612802505493164e-01
2.685000000000000142e+01 5.320584774017333984e-01 3.884186148643493652e-01
2.689999999999999858e+01 5.201343297958374023e-01 3.669345378875732422e-01
2.694999999999999929e+01 5.367774963378906250e-01 3.695485889911651611e-01
2.700000000000000000e+01 6.000636816024780273e-01 3.928841948509216309e-01
2.705000000000000071e+01 5.621115565299987793e-01 3.910782933235168457e-01
2.710000000000000142e+01 5.238713026046752930e-01 3.690815269947052002e-01
2.714999999999999858e+01 5.247914195060729980e-01 3.657501637935638428e-01
2.719999999999999929e+01 5.574268102645874023e-01 3.712611496448516846e-01
2.725000000000000000e+01 5.308145880699157715e-01 3.528230190277099609e-01
2.730000000000000071e+01 5.411784648895263672e-01 3.442369401454925537e-01
2.735000000000000142e+01 5.225843787193298340e-01 3.585388064384460449e-01
2.739999999999999858e+01 5.319524407386779785e-01 4.002075195312500000e-01
2.744999999999999929e+01 5.535284876823425293e-01 3.911800086498260498e-01
2.750000000000000000e+01 5.409671664237976074e-01 3.921500444412231445e-01
2.755000000000000071e+01 5.545276999473571777e-01 3.984820544719696045e-01
2.760000000000000142e+01 5.389922261238098145e-01 3.928179144859313965e-01
2.764999999999999858e+01 5.604525208473205566e-01 4.342178702354431152e-01
2.769999999999999929e+01 5.853533744812011719e-01 3.986642360687255859e-01
2.775000000000000000e+01 5.658844709396362305e-01 3.822605013847351074e-01
2.780000000000000071e+01 5.332631468772888184e-01 3.889431655406951904e-01
2.785000000000000142e+01 5.879142880439758301e-01 3.950050175189971924e-01
2.789999999999999858e+01 5.729319453239440918e-01 4.143837094306945801e-01
2.794999999999999929e+01 5.872145295143127441e-01 4.096447825431823730e-01
2.800000000000000000e+01 5.167634487152099609e-01 3.827037513256072998e-01
2.805000000000000071e+01 4.982981383800506592e-01 3.671990931034088135e-01
2.810000000000000142e+01 5.461621284484863281e-01 3.830721080303192139e-01
2.814999999999999858e+01 5.144602060317993164e-01 3.761784136295318604e-01
2.819999999999999929e+01 5.166903734207153320e-01 3.613240122795104980e-01
2.825000000000000000e+01 5.160806775093078613e-01 3.584367930889129639e-01
2.830000000000000071e+01 5.235599875450134277e-01 3.771232664585113525e-01
2.835000000000000142e+01 5.076248049736022949e-01 3.641055822372436523e-01
2.839999999999999858e+01 4.856809675693511963e-01 3.405773639678955078e-01
2.844999999999999929e+01 5.315536856651306152e-01 3.561235070228576660e-01
2.850000000000000000e+01 5.237524509429931641e-01 3.402703404426574707e-01
2.855000000000000071e+01 5.015386343002319336e-01 3.509128093719482422e-01
2.860000000000000142e+01 5.293666124343872070e-01 3.523761034011840820e-01
2.864999999999999858e+01 5.220440626144409180e-01 3.598705828189849854e-01
2.869999999999999929e+01 4.988092780113220215e-01 3.523477613925933838e-01
2.875000000000000000e+01 5.048741102218627930e-01 3.641220927238464355e-01
2.880000000000000071e+01 5.010290741920471191e-01 3.488684892654418945e-01
2.885000000000000142e+01 5.182130932807922363e-01 3.627792000770568848e-01
2.889999999999999858e+01 4.951878488063812256e-01 3.621632456779479980e-01
2.894999999999999929e+01 5.007844567298889160e-01 3.375721275806427002e-01
2.900000000000000000e+01 5.294768810272216797e-01 3.602346479892730713e-01
2.905000000000000071e+01 5.374988913536071777e-01 3.550393581390380859e-01
2.910000000000000142e+01 5.436811447143554688e-01 3.737662136554718018e-01
2.914999999999999858e+01 4.918739199638366699e-01 3.204715251922607422e-01
2.919999999999999929e+01 5.247102975845336914e-01 3.366983234882354736e-01
2.925000000000000000e+01 5.083789825439453125e-01 3.562204837799072266e-01
2.930000000000000071e+01 5.275023579597473145e-01 3.478432595729827881e-01
2.935000000000000142e+01 5.264598727226257324e-01 3.742433190345764160e-01
2.939999999999999858e+01 5.304279327392578125e-01 3.734848201274871826e-01
2.944999999999999929e+01 4.814034104347229004e-01 3.681578040122985840e-01
2.950000000000000000e+01 5.478155016899108887e-01 3.789270520210266113e-01
2.955000000000000071e+01 5.332102775573730469e-01 3.649617135524749756e-01
2.960000000000000142e+01 5.279644727706909180e-01 3.742046952247619629e-01
2.964999999999999858e+01 5.255044102668762207e-01 3.705213367938995361e-01
2.969999999999999929e+01 5.428119301795959473e-01 3.981165885925292969e-01
2.975000000000000000e+01 5.311545133590698242e-01 3.910740017890930176e-01
2.980000000000000071e+01 5.464867353439331055e-01 3.841691613197326660e-01
2.985000000000000142e+01 5.472116470336914062e-01 3.936367332935333252e-01
2.989999999999999858e+01 5.342543125152587891e-01 3.681807816028594971e-01
2.994999999999999929e+01 5.210009813308715820e-01 3.834642767906188965e-01
3.000000000000000000e+01 5.204864740371704102e-01 3.707208335399627686e-01
3.005000000000000071e+01 5.449042916297912598e-01 3.881362676620483398e-01
3.010000000000000142e+01 5.164628624916076660e-01 3.557245433330535889e-01
3.014999999999999858e+01 5.307208895683288574e-01 3.535999059677124023e-01
3.019999999999999929e+01 5.162963271141052246e-01 3.532547950744628906e-01
3.025000000000000000e+01 4.980147480964660645e-01 3.676218688488006592e-01
3.030000000000000071e+01 5.220679044723510742e-01 3.271256685256958008e-01
3.035000000000000142e+01 5.775755047798156738e-01 3.644352257251739502e-01
3.039999999999999858e+01 5.492841601371765137e-01 3.536017537117004395e-01
3.044999999999999929e+01 5.009331107139587402e-01 3.489556014537811279e-01
3.050000000000000000e+01 4.971207976341247559e-01 3.364685773849487305e-01
3.055000000000000071e+01 4.889836609363555908e-01 3.331261277198791504e-01
3.060000000000000142e+01 5.021177530288696289e-01 3.529321253299713135e-01
3.064999999999999858e+01 5.100923776626586914e-01 3.268409669399261475e-01
3.069999999999999929e+01 4.845129847526550293e-01 3.308003842830657959e-01
3.075000000000000000e+01 5.252549648284912109e-01 3.353506326675415039e-01
3.080000000000000071e+01 5.012225508689880371e-01 3.425725996494293213e-01
3.085000000000000142e+01 5.353229045867919922e-01 3.444371819496154785e-01
3.089999999999999858e+01 4.994299411773681641e-01 3.408490121364593506e-01
3.094999999999999929e+01 5.239233970642089844e-01 3.550888001918792725e-01
3.100000000000000000e+01 5.162499547004699707e-01 3.318930268287658691e-01
3.105000000000000071e+01 5.289782285690307617e-01 3.429355323314666748e-01
3.110000000000000142e+01 5.217584967613220215e-01 3.506866097450256348e-01
3.114999999999999858e+01 5.302538275718688965e-01 3.356008827686309814e-01
3.119999999999999929e+01 5.130944848060607910e-01 3.314408063888549805e-01
3.125000000000000000e+01 4.991123676300048828e-01 3.432914614677429199e-01
3.130000000000000071e+01 5.154337286949157715e-01 3.386856317520141602e-01
3.135000000000000142e+01 5.287700891494750977e-01 3.569802939891815186e-01
3.139999999999999858e+01 5.368294715881347656e-01 3.478648662567138672e-01
3.144999999999999929e+01 5.527554750442504883e-01 3.582205176353454590e-01
3.150000000000000000e+01 5.231943130493164062e-01 3.661939203739166260e-01
3.155000000000000071e+01 5.456399321556091309e-01 3.596960008144378662e-01
3.160000000000000142e+01 4.628744125366210938e-01 3.442642986774444580e-01
3.164999999999999858e+01 5.293677449226379395e-01 3.452218770980834961e-01
3.169999999999999929e+01 4.944555759429931641e-01 3.392740786075592041e-01
3.175000000000000000e+01 5.331391096115112305e-01 3.588732182979583740e-01
3.180000000000000071e+01 5.017063617706298828e-01 3.295410275459289551e-01
3.185000000000000142e+01 5.464769601821899414e-01 3.504312038421630859e-01
3.189999999999999858e+01 5.273143649101257324e-01 3.333635330200195312e-01
3.194999999999999929e+01 5.164387822151184082e-01 3.464864790439605713e-01
3.200000000000000000e+01 5.046038031578063965e-01 3.474666774272918701e-01
3.204999999999999716e+01 5.153300762176513672e-01 3.479440212249755859e-01
3.210000000000000142e+01 5.364457964897155762e-01 3.554572463035583496e-01
3.214999999999999858e+01 4.945484101772308350e-01 3.456301093101501465e-01
3.220000000000000284e+01 5.228978395462036133e-01 3.549803495407104492e-01
3.225000000000000000e+01 4.986943006515502930e-01 3.340268731117248535e-01
3.229999999999999716e+01 5.141330957412719727e-01 3.362201750278472900e-01
3.235000000000000142e+01 5.527213215827941895e-01 3.567251563072204590e-01
3.239999999999999858e+01 5.578835606575012207e-01 3.819556534290313721e-01
3.245000000000000284e+01 5.132298469543457031e-01 3.527733385562896729e-01
3.250000000000000000e+01 5.510217547416687012e-01 3.769376873970031738e-01
3.254999999999999716e+01 5.342445969581604004e-01 3.444621264934539795e-01
3.260000000000000142e+01 5.031954646110534668e-01 3.292079269886016846e-01
3.264999999999999858e+01 5.486757159233093262e-01 3.566018044948577881e-01
3.270000000000000284e+01 5.253857970237731934e-01 3.609391152858734131e-01
3.275000000000000000e+01 5.393013358116149902e-01 3.720724284648895264e-01
3.279999999999999716e+01 5.168572068214416504e-01 3.435494899749755859e-01
3.285000000000000142e+01 5.224195122718811035e-01 3.506067693233489990e-01
3.289999999999999858e+01 5.269176959991455078e-01 3.601917624473571777e-01
3.295000000000000284e+01 5.069260001182556152e-01 3.519174456596374512e-01
3.300000000000000000e+01 5.613569617271423340e-01 3.650765717029571533e-01
3.304999999999999716e+01 5.453417897224426270e-01 3.604135811328887939e-01
3.310000000000000142e+01 5.101939439773559570e-01 3.511666655540466309e-01
3.314999999999999858e+01 5.343795418739318848e-01 3.567760586738586426e-01
3.320000000000000284e+01 5.453418493270874023e-01 3.410264849662780762e-01
3.325000000000000000e+01 5.038738250732421875e-01 3.409017920494079590e-01
3.329999999999999716e+01 5.485700368881225586e-01 3.477788269519805908e-01
3.335000000000000142e+01 5.234434604644775391e-01 3.469308912754058838e-01
3.339999999999999858e+01 5.328873991966247559e-01 3.439797461032867432e-01
3.345000000000000284e+01 4.837702810764312744e-01 3.434762656688690186e-01
3.350000000000000000e+01 5.127739310264587402e-01 3.518780171871185303e-01
3.354999999999999716e+01 5.045139789581298828e-01 3.668843805789947510e-01
3.360000000000000142e+01 5.171894431114196777e-01 3.348044753074645996e-01
3.364999999999999858e+01 4.903266727924346924e-01 3.279682397842407227e-01
3.370000000000000284e+01 5.027557015419006348e-01 3.419738709926605225e-01
3.375000000000000000e+01 5.212883949279785156e-01 3.548097610473632812e-01
3.379999999999999716e+01 5.062680840492248535e-01 3.792126476764678955e-01
3.385000000000000142e+01 4.896265566349029541e-01 3.531501293182373047e-01
3.389999999999999858e+01 4.949111342430114746e-01 3.597622811794281006e-01
3.395000000000000284e+01 5.116295814514160156e-01 3.560351431369781494e-01
3.400000000000000000e+01 5.272995829582214355e-01 3.587017059326171875e-01
3.404999999999999716e+01 4.870193302631378174e-01 3.549731373786926270e-01
3.410000000000000142e+01 4.933702647686004639e-01 3.498769998550415039e-01
3.414999999999999858e+01 4.995235800743103027e-01 3.471754789352416992e-01
3.420000000000000284e+01 5.075510144233703613e-01 3.558383882045745850e-01
3.425000000000000000e+01 5.084964632987976074e-01 3.504310846328735352e-01
3.429999999999999716e+01 5.112546086311340332e-01 3.535607159137725830e-01
3.435000000000000142e+01 5.163892507553100586e-01 3.738034367561340332e-01
3.439999999999999858e+01 5.217837095260620117e-01 3.523564636707305908e-01
3.445000000000000284e+01 5.136351585388183594e-01 3.496800363063812256e-01
3.450000000000000000e+01 5.259031653404235840e-01 3.577094674110412598e-01
3.454999999999999716e+01 5.094911456108093262e-01 3.636220395565032959e-01
3.460000000000000142e+01 5.054451823234558105e-01 3.976630270481109619e-01
3.464999999999999858e+01 5.446816086769104004e-01 3.919106125831604004e-01
3.470000000000000284e+01 5.160718560218811035e-01 3.818704783916473389e-01
3.475000000000000000e+01 5.417066812515258789e-01 4.026924669742584229e-01
3.479999999999999716e+01 5.305798649787902832e-01 4.110013842582702637e-01
3.485000000000000142e+01 5.371192693710327148e-01 3.978151679039001465e-01
3.489999999999999858e+01 5.102085471153259277e-01 4.069960713386535645e-01
3.495000000000000284e+01 5.240058898925781250e-01 4.041547775268554688e-01
3.500000000000000000e+01 5.343284606933593750e-01 3.896307647228240967e-01
3.504999999999999716e+01 5.160513520240783691e-01 4.155826866626739502e-01
3.510000000000000142e+01 5.222756266593933105e-01 3.919361233711242676e-01
3.514999999999999858e+01 5.432392358779907227e-01 3.720712363719940186e-01
3.520000000000000284e+01 5.115518569946289062e-01 3.737875819206237793e-01
3.525000000000000000e+01 5.312858819961547852e-01 3.942028284072875977e-01
3.529999999999999716e+01 4.817465841770172119e-01 3.599192500114440918e-01
3.535000000000000142e+01 6.118448376655578613e-01 3.726677000522613525e-01
3.539999999999999858e+01 5.513084530830383301e-01 3.626171052455902100e-01
3.545000000000000284e+01 5.817335247993469238e-01 3.841834664344787598e-01
3.550000000000000000e+01 5.605574250221252441e-01 3.627642095088958740e-01
3.554999999999999716e+01 5.477027297019958496e-01 3.676438927650451660e-01
3.560000000000000142e+01 5.380052328109741211e-01 3.818243741989135742e-01
3.564999999999999858e+01 5.624527931213378906e-01 3.954301178455352783e-01
3.570000000000000284e+01 5.414324402809143066e-01 3.842215538024902344e-01
3.575000000000000000e+01 5.384580492973327637e-01 3.618881702423095703e-01
3.579999999999999716e+01 6.027038693428039551e-01 3.988749086856842041e-01
3.585000000000000142e+01 5.491903424263000488e-01 3.711146414279937744e-01
3.589999999999999858e+01 5.607211589813232422e-01 3.884342014789581299e-01
3.595000000000000284e+01 5.631625652313232422e-01 3.756924569606781006e-01
3.600000000000000000e+01 5.560892820358276367e-01 3.640785217285156250e-01
3.604999999999999716e+01 5.373806953430175781e-01 3.617084324359893799e-01
3.610000000000000142e+01 5.552973151206970215e-01 3.665403723716735840e-01
3.614999999999999858e+01 5.652796030044555664e-01 3.604638874530792236e-01
3.620000000000000284e+01 5.539830327033996582e-01 3.681047260761260986e-01
3.625000000000000000e+01 5.408121943473815918e-01 3.867619931697845459e-01
3.629999999999999716e+01 5.799343585968017578e-01 3.795866072177886963e-01
3.635000000000000142e+01 5.378295779228210449e-01 3.748078644275665283e-01
3.639999999999999858e+01 5.164670348167419434e-01 3.508504033088684082e-01
3.645000000000000284e+01 5.341876149177551270e-01 3.592953085899353027e-01
3.650000000000000000e+01 5.231729149818420410e-01 3.579957783222198486e-01
3.654999999999999716e+01 5.568526983261108398e-01 3.625034391880035400e-01
3.660000000000000142e+01 5.691353678703308105e-01 3.881974518299102783e-01
3.664999999999999858e+01 5.796300172805786133e-01 3.967579901218414307e-01
3.670000000000000284e+01 7.062533497810363770e-01 5.246691107749938965e-01
3.675000000000000000e+01 6.493893861770629883e-01 4.831085801124572754e-01
3.679999999999999716e+01 6.331459283828735352e-01 4.759609699249267578e-01
3.685000000000000142e+01 5.908649563789367676e-01 4.617037475109100342e-01
3.689999999999999858e+01 5.975348949432373047e-01 4.847112894058227539e-01
3.695000000000000284e+01 5.664010643959045410e-01 3.859379589557647705e-01
3.700000000000000000e+01 5.276588797569274902e-01 3.465299606323242188e-01
3.704999999999999716e+01 5.403286218643188477e-01 3.735249936580657959e-01
3.710000000000000142e+01 5.740945935249328613e-01 3.684140145778656006e-01
3.714999999999999858e+01 5.228672027587890625e-01 3.679577112197875977e-01
3.720000000000000284e+01 5.370523333549499512e-01 3.609725236892700195e-01
3.725000000000000000e+01 5.672980546951293945e-01 3.828133642673492432e-01
3.729999999999999716e+01 5.367087125778198242e-01 3.628239035606384277e-01
3.735000000000000142e+01 5.236744284629821777e-01 3.454343080520629883e-01
3.739999999999999858e+01 5.108826160430908203e-01 3.367033600807189941e-01
3.745000000000000284e+01 5.669072866439819336e-01 3.693048954010009766e-01
3.750000000000000000e+01 5.478986501693725586e-01 3.776361942291259766e-01
3.754999999999999716e+01 5.443552732467651367e-01 3.739156126976013184e-01
3.760000000000000142e+01 5.351348519325256348e-01 3.690555989742279053e-01
3.764999999999999858e+01 5.278569459915161133e-01 3.547365069389343262e-01
3.770000000000000284e+01 5.065582990646362305e-01 3.388617336750030518e-01
3.775000000000000000e+01 5.403572916984558105e-01 3.690122067928314209e-01
3.779999999999999716e+01 5.439310073852539062e-01 3.486445248126983643e-01
3.785000000000000142e+01 5.554828047752380371e-01 3.672957420349121094e-01
3.789999999999999858e+01 5.472003817558288574e-01 3.663128018379211426e-01
3.795000000000000284e+01 5.576191544532775879e-01 3.537014126777648926e-01
3.800000000000000000e+01 5.759776234626770020e-01 3.601361215114593506e-01
3.804999999999999716e+01 5.809440016746520996e-01 3.777446448802947998e-01
3.810000000000000142e+01 5.615602731704711914e-01 3.804036974906921387e-01
3.814999999999999858e+01 6.191067099571228027e-01 3.776097297668457031e-01
3.820000000000000284e+01 5.525556206703186035e-01 3.545151650905609131e-01
3.825000000000000000e+01 5.565507411956787109e-01 3.648904561996459961e-01
3.829999999999999716e+01 5.241451263427734375e-01 3.453897833824157715e-01
3.835000000000000142e+01 5.070549249649047852e-01 3.592225909233093262e-01
3.839999999999999858e+01 5.678530335426330566e-01 3.575447201728820801e-01
3.845000000000000284e+01 5.301302075386047363e-01 3.444154262542724609e-01
3.850000000000000000e+01 5.157529115676879883e-01 3.393965363502502441e-01
3.854999999999999716e+01 4.886833131313323975e-01 3.361592888832092285e-01
3.860000000000000142e+01 5.513240098953247070e-01 3.536188304424285889e-01
3.864999999999999858e+01 5.055233836174011230e-01 3.232738673686981201e-01
3.870000000000000284e+01 5.355176329612731934e-01 3.551692366600036621e-01
3.875000000000000000e+01 5.178304910659790039e-01 3.543628752231597900e-01
3.879999999999999716e+01 5.303636789321899414e-01 3.484536409378051758e-01
3.885000000000000142e+01 5.299962759017944336e-01 3.331757783889770508e-01
3.889999999999999858e+01 4.918462932109832764e-01 3.278016149997711182e-01
3.895000000000000284e+01 4.905121028423309326e-01 3.391415178775787354e-01
3.900000000000000000e+01 5.119318962097167969e-01 3.577836453914642334e-01
3.904999999999999716e+01 5.014938116073608398e-01 3.415421545505523682e-01
3.910000000000000142e+01 4.992333352565765381e-01 3.314831554889678955e-01
3.914999999999999858e+01 5.207150578498840332e-01 3.550238013267517090e-01
3.920000000000000284e+01 5.205238461494445801e-01 3.415318727493286133e-01
3.925000000000000000e+01 5.183539986610412598e-01 3.567882478237152100e-01
3.929999999999999716e+01 5.364896059036254883e-01 3.426050543785095215e-01
3.935000000000000142e+01 5.242068767547607422e-01 3.647547960281372070e-01
3.939999999999999858e+01 5.356087684631347656e-01 3.481893539428710938e-01
3.945000000000000284e+01 5.240629315376281738e-01 3.544813394546508789e-01
3.950000000000000000e+01 5.442334413528442383e-01 3.483002185821533203e-01
3.954999999999999716e+01 6.191893219947814941e-01 3.828327357769012451e-01
3.960000000000000142e+01 5.584847331047058105e-01 3.680351376533508301e-01
3.964999999999999858e+01 5.573804974555969238e-01 3.651713430881500244e-01
3.970000000000000284e+01 4.948799014091491699e-01 3.694548308849334717e-01
3.975000000000000000e+01 5.117978453636169434e-01 3.488628268241882324e-01
3.979999999999999716e+01 4.971014559268951416e-01 3.359298408031463623e-01
3.985000000000000142e+01 5.608179569244384766e-01 3.608668744564056396e-01
3.989999999999999858e+01 5.256479978561401367e-01 3.516560792922973633e-01
3.995000000000000284e+01 5.151202082633972168e-01 3.567140102386474609e-01
4.000000000000000000e+01 5.189048051834106445e-01 3.540550470352172852e-01
4.004999999999999716e+01 5.326403975486755371e-01 3.415274322032928467e-01
4.010000000000000142e+01 5.338360071182250977e-01 3.494879007339477539e-01
4.014999999999999858e+01 5.394267439842224121e-01 3.738369643688201904e-01
4.020000000000000284e+01 5.391889810562133789e-01 3.597734272480010986e-01
4.025000000000000000e+01 5.387624502182006836e-01 3.549703955650329590e-01
4.029999999999999716e+01 5.633453130722045898e-01 3.807439804077148438e-01
4.035000000000000142e+01 5.221879482269287109e-01 3.673772215843200684e-01
4.039999999999999858e+01 5.315437912940979004e-01 3.449380099773406982e-01
4.045000000000000284e+01 5.300463438034057617e-01 3.609348833560943604e-01
4.050000000000000000e+01 5.627085566520690918e-01 3.818717300891876221e-01
4.054999999999999716e+01 5.102655291557312012e-01 3.425286412239074707e-01
4.060000000000000142e+01 5.309397578239440918e-01 3.479785621166229248e-01
4.064999999999999858e+01 5.943952202796936035e-01 3.888300955295562744e-01
4.070000000000000284e+01 5.607151985168457031e-01 3.614094853401184082e-01
4.075000000000000000e+01 5.314897298812866211e-01 3.592174351215362549e-01
4.079999999999999716e+01 5.482901930809020996e-01 3.802286386489868164e-01
4.085000000000000142e+01 5.691196322441101074e-01 3.764640092849731445e-01
4.089999999999999858e+01 5.571360588073730469e-01 3.743754923343658447e-01
4.095000000000000284e+01 5.371759533882141113e-01 3.618869781494140625e-01
4.100000000000000000e+01 5.480885505676269531e-01 3.538632690906524658e-01
4.104999999999999716e+01 5.424658060073852539e-01 3.764320611953735352e-01
4.110000000000000142e+01 5.371807813644409180e-01 3.799187242984771729e-01
4.114999999999999858e+01 5.537493228912353516e-01 3.692709207534790039e-01
4.120000000000000284e+01 5.340878367424011230e-01 3.593730926513671875e-01
4.125000000000000000e+01 5.684031844139099121e-01 3.753663897514343262e-01
4.129999999999999716e+01 5.585711598396301270e-01 3.718575239181518555e-01
4.135000000000000142e+01 5.735556483268737793e-01 3.760401904582977295e-01
4.139999999999999858e+01 5.345166325569152832e-01 3.702027499675750732e-01
4.145000000000000284e+01 5.570226311683654785e-01 3.664792478084564209e-01
4.150000000000000000e+01 5.627768635749816895e-01 3.839839100837707520e-01
4.154999999999999716e+01 5.776799917221069336e-01 4.017226099967956543e-01
4.160000000000000142e+01 5.577258467674255371e-01 3.568600118160247803e-01
4.164999999999999858e+01 5.404422283172607422e-01 3.766989409923553467e-01
4.170000000000000284e+01 5.441277027130126953e-01 3.668593168258666992e-01
4.175000000000000000e+01 5.596667528152465820e-01 3.818820416927337646e-01
4.179999999999999716e+01 5.455667972564697266e-01 4.143827855587005615e-01
4.185000000000000142e+01 5.352309346199035645e-01 3.918228149414062500e-01
4.189999999999999858e+01 5.151795744895935059e-01 3.520185351371765137e-01
4.195000000000000284e+01 5.164238214492797852e-01 3.581144511699676514e-01
4.200000000000000000e+01 5.396648645401000977e-01 3.643804788589477539e-01
4.204999999999999716e+01 5.666968822479248047e-01 3.832988739013671875e-01
4.210000000000000142e+01 5.253044962882995605e-01 3.827125132083892822e-01
4.214999999999999858e+01 5.706083774566650391e-01 3.805806934833526611e-01
4.220000000000000284e+01 5.389069318771362305e-01 3.704550564289093018e-01
4.225000000000000000e+01 5.389117598533630371e-01 3.771510124206542969e-01
4.229999999999999716e+01 5.330384373664855957e-01 3.852090239524841309e-01
4.235000000000000142e+01 5.540083646774291992e-01 3.589111566543579102e-01
4.239999999999999858e+01 5.805764198303222656e-01 3.875873684883117676e-01
4.245000000000000284e+01 5.365504026412963867e-01 3.536752164363861084e-01
4.250000000000000000e+01 5.719140172004699707e-01 3.812636733055114746e-01
4.254999999999999716e+01 5.319639444351196289e-01 3.573427200317382812e-01
4.260000000000000142e+01 5.561603307723999023e-01 3.825780749320983887e-01
4.264999999999999858e+01 5.497899651527404785e-01 3.865100741386413574e-01
4.270000000000000284e+01 5.445516109466552734e-01 3.739854693412780762e-01
4.275000000000000000e+01 5.419796109199523926e-01 3.704117238521575928e-01
4.279999999999999716e+01 5.290575623512268066e-01 3.627340793609619141e-01
4.285000000000000142e+01 5.273765325546264648e-01 3.594590723514556885e-01
4.289999999999999858e+01 5.275121927261352539e-01 3.745101690292358398e-01
4.295000000000000284e+01 5.570452809333801270e-01 3.534120917320251465e-01
4.300000000000000000e+01 5.429112911224365234e-01 3.600232899188995361e-01
4.304999999999999716e+01 5.607292056083679199e-01 3.789220154285430908e-01
4.310000000000000142e+01 5.468729138374328613e-01 3.662253320217132568e-01
4.314999999999999858e+01 5.559911727905273438e-01 3.893394172191619873e-01
4.320000000000000284e+01 6.348933577537536621e-01 4.888391196727752686e-01
4.325000000000000000e+01 5.488296747207641602e-01 3.723695874214172363e-01
4.329999999999999716e+01 5.340531468391418457e-01 3.757151365280151367e-01
4.335000000000000142e+01 6.630132198333740234e-01 4.816720783710479736e-01
4.339999999999999858e+01 5.200391411781311035e-01 3.940569460391998291e-01
4.345000000000000284e+01 6.116316318511962891e-01 5.320233106613159180e-01
4.350000000000000000e+01 5.711631774902343750e-01 3.740056455135345459e-01
4.354999999999999716e+01 7.660446763038635254e-01 5.666252970695495605e-01
4.360000000000000142e+01 6.340011358261108398e-01 4.878566265106201172e-01
4.364999999999999858e+01 6.090615391731262207e-01 4.852824807167053223e-01
4.370000000000000284e+01 6.140928268432617188e-01 5.311731100082397461e-01
4.375000000000000000e+01 6.600065827369689941e-01 5.416804552078247070e-01
4.379999999999999716e+01 6.007079482078552246e-01 5.488227009773254395e-01
4.385000000000000142e+01 6.453982591629028320e-01 5.060403943061828613e-01
4.389999999999999858e+01 6.098308563232421875e-01 5.311014652252197266e-01
4.395000000000000284e+01 6.411775350570678711e-01 5.247989296913146973e-01
4.400000000000000000e+01 6.660197973251342773e-01 5.456044673919677734e-01
4.404999999999999716e+01 6.454789042472839355e-01 5.241953730583190918e-01
4.410000000000000142e+01 6.330029964447021484e-01 5.362415313720703125e-01
4.414999999999999858e+01 6.343688964843750000e-01 5.362096428871154785e-01
4.420000000000000284e+01 6.894253492355346680e-01 5.481029748916625977e-01
4.425000000000000000e+01 7.170516252517700195e-01 5.571596622467041016e-01
4.429999999999999716e+01 6.730335354804992676e-01 5.426096916198730469e-01
4.435000000000000142e+01 6.673570275306701660e-01 5.271679759025573730e-01
4.439999999999999858e+01 6.916741728782653809e-01 5.598359704017639160e-01
4.445000000000000284e+01 6.712646484375000000e-01 5.453705191612243652e-01
4.450000000000000000e+01 6.387725472450256348e-01 5.293980240821838379e-01
4.454999999999999716e+01 6.419954299926757812e-01 5.044820308685302734e-01
4.460000000000000142e+01 6.571367383003234863e-01 5.580866336822509766e-01
4.464999999999999858e+01 6.548361182212829590e-01 5.783435106277465820e-01
4.470000000000000284e+01 7.133569121360778809e-01 5.698519945144653320e-01
4.475000000000000000e+01 6.827306151390075684e-01 5.598304867744445801e-01
4.479999999999999716e+01 7.018666267395019531e-01 6.108787059783935547e-01
4.485000000000000142e+01 6.389749050140380859e-01 5.404202342033386230e-01
4.489999999999999858e+01 6.497393250465393066e-01 5.671719908714294434e-01
4.495000000000000284e+01 6.533874273300170898e-01 5.603943467140197754e-01
4.500000000000000000e+01 5.985600352287292480e-01 7.516965866088867188e-01
4.504999999999999716e+01 6.793374419212341309e-01 6.339254379272460938e-01
4.510000000000000142e+01 6.683390736579895020e-01 6.676234602928161621e-01
4.514999999999999858e+01 6.609302759170532227e-01 6.487534046173095703e-01
4.520000000000000284e+01 6.132380962371826172e-01 6.568588614463806152e-01
4.525000000000000000e+01 6.147261857986450195e-01 7.459683418273925781e-01
4.529999999999999716e+01 6.133345961570739746e-01 6.905215978622436523e-01
4.535000000000000142e+01 6.462770104408264160e-01 6.425716280937194824e-01
4.539999999999999858e+01 6.356366276741027832e-01 5.637455582618713379e-01
4.545000000000000284e+01 6.146045923233032227e-01 5.358190536499023438e-01
4.550000000000000000e+01 7.281224131584167480e-01 5.472861528396606445e-01
4.554999999999999716e+01 6.032009124755859375e-01 5.491823554039001465e-01
4.560000000000000142e+01 6.567076444625854492e-01 5.649642944335937500e-01
4.564999999999999858e+01 5.995073318481445312e-01 5.429923534393310547e-01
4.570000000000000284e+01 6.328771114349365234e-01 5.064575672149658203e-01
4.575000000000000000e+01 6.417897343635559082e-01 7.594959139823913574e-01
4.579999999999999716e+01 5.718305110931396484e-01 6.106603741645812988e-01
4.585000000000000142e+01 5.856031775474548340e-01 6.383202672004699707e-01
4.589999999999999858e+01 5.699629783630371094e-01 6.665217876434326172e-01
4.595000000000000284e+01 6.233627796173095703e-01 6.385460495948791504e-01
4.600000000000000000e+01 6.561784744262695312e-01 6.664450764656066895e-01
4.604999999999999716e+01 6.507192254066467285e-01 6.501112580299377441e-01
4.610000000000000142e+01 6.518052220344543457e-01 6.086712479591369629e-01
4.614999999999999858e+01 6.700599193572998047e-01 7.042415738105773926e-01
4.620000000000000284e+01 6.313961148262023926e-01 6.719232797622680664e-01
4.625000000000000000e+01 6.095065474510192871e-01 6.598130464553833008e-01
4.629999999999999716e+01 6.008834242820739746e-01 7.481995820999145508e-01
4.635000000000000142e+01 5.842615365982055664e-01 6.743112802505493164e-01
4.639999999999999858e+01 6.009200215339660645e-01 7.246173024177551270e-01
4.645000000000000284e+01 5.780528783798217773e-01 7.055823206901550293e-01
4.650000000000000000e+01 6.239784955978393555e-01 7.199016809463500977e-01
4.654999999999999716e+01 5.875798463821411133e-01 6.745612621307373047e-01
4.660000000000000142e+01 6.280825734138488770e-01 6.934614777565002441e-01
4.664999999999999858e+01 6.215230822563171387e-01 7.089748382568359375e-01
4.670000000000000284e+01 6.030527949333190918e-01 7.022776007652282715e-01
4.675000000000000000e+01 6.551566720008850098e-01 7.464990615844726562e-01
4.679999999999999716e+01 6.090812683105468750e-01 7.306988835334777832e-01
4.685000000000000142e+01 6.374768018722534180e-01 7.119280695915222168e-01
4.689999999999999858e+01 5.824872255325317383e-01 7.005662322044372559e-01
4.695000000000000284e+01 6.323773264884948730e-01 7.556778788566589355e-01
4.700000000000000000e+01 6.712986826896667480e-01 6.596165895462036133e-01
4.704999999999999716e+01 6.845574378967285156e-01 5.636576414108276367e-01
4.710000000000000142e+01 6.322997212409973145e-01 5.450742244720458984e-01
4.714999999999999858e+01 6.844927072525024414e-01 5.315920114517211914e-01
4.720000000000000284e+01 6.608754992485046387e-01 4.928409755229949951e-01
4.725000000000000000e+01 5.597525835037231445e-01 5.223209857940673828e-01
4.729999999999999716e+01 5.925503969192504883e-01 4.928559660911560059e-01
4.735000000000000142e+01 5.566372871398925781e-01 3.721464574337005615e-01
4.739999999999999858e+01 5.440867543220520020e-01 3.894026577472686768e-01
4.745000000000000284e+01 5.394099950790405273e-01 3.567761778831481934e-01
4.750000000000000000e+01 5.296157598495483398e-01 3.633839488029479980e-01
4.754999999999999716e+01 6.495440006256103516e-01 4.912539422512054443e-01
4.760000000000000142e+01 6.302427649497985840e-01 4.844718575477600098e-01
4.764999999999999858e+01 6.265925765037536621e-01 4.680800735950469971e-01
4.770000000000000284e+01 5.884387493133544922e-01 4.543405473232269287e-01
4.775000000000000000e+01 5.614387392997741699e-01 4.361754059791564941e-01
4.779999999999999716e+01 6.159758567810058594e-01 5.015677213668823242e-01
4.785000000000000142e+01 5.989444851875305176e-01 4.851084053516387939e-01
4.789999999999999858e+01 6.308486461639404297e-01 5.283010601997375488e-01
4.795000000000000284e+01 5.963631868362426758e-01 4.887207150459289551e-01
4.800000000000000000e+01 6.071059703826904297e-01 4.685946404933929443e-01
4.804999999999999716e+01 6.645793318748474121e-01 5.026261806488037109e-01
4.810000000000000142e+01 6.416066288948059082e-01 5.171935558319091797e-01
4.814999999999999858e+01 6.586957573890686035e-01 5.492255091667175293e-01
4.820000000000000284e+01 5.611115097999572754e-01 3.771538138389587402e-01
4.825000000000000000e+01 6.067338585853576660e-01 3.795746564865112305e-01
4.829999999999999716e+01 5.355792045593261719e-01 3.534640371799468994e-01
4.835000000000000142e+01 5.702993273735046387e-01 3.869018554687500000e-01
4.839999999999999858e+01 5.483000874519348145e-01 3.773220777511596680e-01
4.845000000000000284e+01 5.317753553390502930e-01 3.679048418998718262e-01
4.850000000000000000e+01 5.335397720336914062e-01 3.567546904087066650e-01
4.854999999999999716e+01 5.384805202484130859e-01 3.645407557487487793e-01
4.860000000000000142e+01 5.946131944656372070e-01 4.040806293487548828e-01
4.864999999999999858e+01 5.423517823219299316e-01 3.790768384933471680e-01
4.870000000000000284e+01 5.426510572433471680e-01 3.706047236919403076e-01
4.875000000000000000e+01 5.268527269363403320e-01 3.532746732234954834e-01
4.879999999999999716e+01 5.087062716484069824e-01 3.442802727222442627e-01
4.885000000000000142e+01 5.572555661201477051e-01 3.847714066505432129e-01
4.889999999999999858e+01 4.971610605716705322e-01 3.523665368556976318e-01
4.895000000000000284e+01 5.227099061012268066e-01 3.679534494876861572e-01
4.900000000000000000e+01 5.633383989334106445e-01 3.760783672332763672e-01
4.904999999999999716e+01 5.373896360397338867e-01 3.691962659358978271e-01
4.910000000000000142e+01 5.391131639480590820e-01 3.689135909080505371e-01
4.914999999999999858e+01 5.386995673179626465e-01 3.710673749446868896e-01
4.920000000000000284e+01 5.399574041366577148e-01 3.755861520767211914e-01
4.925000000000000000e+01 5.504491329193115234e-01 3.844630718231201172e-01
4.929999999999999716e+01 4.859003126621246338e-01 3.567549884319305420e-01
4.935000000000000142e+01 5.636151432991027832e-01 3.946972787380218506e-01
4.939999999999999858e+01 5.429264307022094727e-01 3.602222800254821777e-01
4.945000000000000284e+01 5.323212146759033203e-01 3.678815662860870361e-01
4.950000000000000000e+01 5.577437877655029297e-01 3.882484734058380127e-01
4.954999999999999716e+01 5.159040689468383789e-01 3.674399554729461670e-01
4.960000000000000142e+01 5.350241065025329590e-01 3.742859661579132080e-01
4.964999999999999858e+01 5.462607741355895996e-01 3.745102584362030029e-01
4.970000000000000284e+01 5.449671149253845215e-01 3.812783658504486084e-01
4.975000000000000000e+01 5.650253891944885254e-01 3.772849440574645996e-01
4.979999999999999716e+01 5.241310000419616699e-01 3.949581980705261230e-01
4.985000000000000142e+01 5.254588723182678223e-01 3.816925287246704102e-01
4.989999999999999858e+01 5.412845611572265625e-01 3.760280907154083252e-01
4.995000000000000284e+01 5.286464691162109375e-01 3.945896029472351074e-01
5.000000000000000000e+01 5.519248247146606445e-01 3.828029930591583252e-01
